0    1    2    3    4    5    6    7    8    9    10    11    12    13    14    15    16    17    18    19    20    21    22    23    24    25    26    27    28    29    30    31    32    33    34    35    36    37    38    39    40    41    42    43    44    45    46    47    48    49    50    
1   1   2   3   4   5   6   7   8   9   10  11  12  13  14  15  16  17  18  19  20  21  22  23  24  25  26  27  28  29  30  31  32  33  34  35  36  37  38  39  40  41  42  43  44  45  46  47  48  49  50  
2   2   4   6   8   10  12  14  16  18  20  22  24  26  28  30  32  34  36  38  40  42  44  46  48  50  52  54  56  58  60  62  64  66  68  70  72  74  76  78  80  82  84  86  88  90  92  94  96  98  100 
3   3   6   9   12  15  18  21  24  27  30  33  36  39  42  45  48  51  54  57  60  63  66  69  72  75  78  81  84  87  90  93  96  99  102 105 108 111 114 117 120 123 126 129 132 135 138 141 144 147 150 
4   4   8   12  16  20  24  28  32  36  40  44  48  52  56  60  64  68  72  76  80  84  88  92  96  100 104 108 112 116 120 124 128 132 136 140 144 148 152 156 160 164 168 172 176 180 184 188 192 196 200 
5   5   10  15  20  25  30  35  40  45  50  55  60  65  70  75  80  85  90  95  100 105 110 115 120 125 130 135 140 145 150 155 160 165 170 175 180 185 190 195 200 205 210 215 220 225 230 235 240 245 250 
6   6   12  18  24  30  36  42  48  54  60  66  72  78  84  90  96  102 108 114 120 126 132 138 144 150 156 162 168 174 180 186 192 198 204 210 216 222 228 234 240 246 252 258 264 270 276 282 288 294 300 
7   7   14  21  28  35  42  49  56  63  70  77  84  91  98  105 112 119 126 133 140 147 154 161 168 175 182 189 196 203 210 217 224 231 238 245 252 259 266 273 280 287 294 301 308 315 322 329 336 343 350 
8   8   16  24  32  40  48  56  64  72  80  88  96  104 112 120 128 136 144 152 160 168 176 184 192 200 208 216 224 232 240 248 256 264 272 280 288 296 304 312 320 328 336 344 352 360 368 376 384 392 400 
9   9   18  27  36  45  54  63  72  81  90  99  108 117 126 135 144 153 162 171 180 189 198 207 216 225 234 243 252 261 270 279 288 297 306 315 324 333 342 351 360 369 378 387 396 405 414 423 432 441 450 
10  10  20  30  40  50  60  70  80  90  100 110 120 130 140 150 160 170 180 190 200 210 220 230 240 250 260 270 280 290 300 310 320 330 340 350 360 370 380 390 400 410 420 430 440 450 460 470 480 490 500 
11  11  22  33  44  55  66  77  88  99  110 121 132 143 154 165 176 187 198 209 220 231 242 253 264 275 286 297 308 319 330 341 352 363 374 385 396 407 418 429 440 451 462 473 484 495 506 517 528 539 550 
12  12  24  36  48  60  72  84  96  108 120 132 144 156 168 180 192 204 216 228 240 252 264 276 288 300 312 324 336 348 360 372 384 396 408 420 432 444 456 468 480 492 504 516 528 540 552 564 576 588 600 
13  13  26  39  52  65  78  91  104 117 130 143 156 169 182 195 208 221 234 247 260 273 286 299 312 325 338 351 364 377 390 403 416 429 442 455 468 481 494 507 520 533 546 559 572 585 598 611 624 637 650 
14  14  28  42  56  70  84  98  112 126 140 154 168 182 196 210 224 238 252 266 280 294 308 322 336 350 364 378 392 406 420 434 448 462 476 490 504 518 532 546 560 574 588 602 616 630 644 658 672 686 700 
15  15  30  45  60  75  90  105 120 135 150 165 180 195 210 225 240 255 270 285 300 315 330 345 360 375 390 405 420 435 450 465 480 495 510 525 540 555 570 585 600 615 630 645 660 675 690 705 720 735 750 
16  16  32  48  64  80  96  112 128 144 160 176 192 208 224 240 256 272 288 304 320 336 352 368 384 400 416 432 448 464 480 496 512 528 544 560 576 592 608 624 640 656 672 688 704 720 736 752 768 784 800 
17  17  34  51  68  85  102 119 136 153 170 187 204 221 238 255 272 289 306 323 340 357 374 391 408 425 442 459 476 493 510 527 544 561 578 595 612 629 646 663 680 697 714 731 748 765 782 799 816 833 850 
18  18  36  54  72  90  108 126 144 162 180 198 216 234 252 270 288 306 324 342 360 378 396 414 432 450 468 486 504 522 540 558 576 594 612 630 648 666 684 702 720 738 756 774 792 810 828 846 864 882 900 
19  19  38  57  76  95  114 133 152 171 190 209 228 247 266 285 304 323 342 361 380 399 418 437 456 475 494 513 532 551 570 589 608 627 646 665 684 703 722 741 760 779 798 817 836 855 874 893 912 931 950 
20  20  40  60  80  100 120 140 160 180 200 220 240 260 280 300 320 340 360 380 400 420 440 460 480 500 520 540 560 580 600 620 640 660 680 700 720 740 760 780 800 820 840 860 880 900 920 940 960 980 1000
21  21  42  63  84  105 126 147 168 189 210 231 252 273 294 315 336 357 378 399 420 441 462 483 504 525 546 567 588 609 630 651 672 693 714 735 756 777 798 819 840 861 882 903 924 945 966 987 100810291050
22  22  44  66  88  110 132 154 176 198 220 242 264 286 308 330 352 374 396 418 440 462 484 506 528 550 572 594 616 638 660 682 704 726 748 770 792 814 836 858 880 902 924 946 968 990 10121034105610781100
23  23  46  69  92  115 138 161 184 207 230 253 276 299 322 345 368 391 414 437 460 483 506 529 552 575 598 621 644 667 690 713 736 759 782 805 828 851 874 897 920 943 966 989 1012103510581081110411271150
24  24  48  72  96  120 144 168 192 216 240 264 288 312 336 360 384 408 432 456 480 504 528 552 576 600 624 648 672 696 720 744 768 792 816 840 864 888 912 936 960 984 100810321056108011041128115211761200
25  25  50  75  100 125 150 175 200 225 250 275 300 325 350 375 400 425 450 475 500 525 550 575 600 625 650 675 700 725 750 775 800 825 850 875 900 925 950 975 10001025105010751100112511501175120012251250
26  26  52  78  104 130 156 182 208 234 260 286 312 338 364 390 416 442 468 494 520 546 572 598 624 650 676 702 728 754 780 806 832 858 884 910 936 962 988 101410401066109211181144117011961222124812741300
27  27  54  81  108 135 162 189 216 243 270 297 324 351 378 405 432 459 486 513 540 567 594 621 648 675 702 729 756 783 810 837 864 891 918 945 972 999 1026105310801107113411611188121512421269129613231350
28  28  56  84  112 140 168 196 224 252 280 308 336 364 392 420 448 476 504 532 560 588 616 644 672 700 728 756 784 812 840 868 896 924 952 980 100810361064109211201148117612041232126012881316134413721400
29  29  58  87  116 145 174 203 232 261 290 319 348 377 406 435 464 493 522 551 580 609 638 667 696 725 754 783 812 841 870 899 928 957 986 1015104410731102113111601189121812471276130513341363139214211450
30  30  60  90  120 150 180 210 240 270 300 330 360 390 420 450 480 510 540 570 600 630 660 690 720 750 780 810 840 870 900 930 960 990 10201050108011101140117012001230126012901320135013801410144014701500
31  31  62  93  124 155 186 217 248 279 310 341 372 403 434 465 496 527 558 589 620 651 682 713 744 775 806 837 868 899 930 961 992 102310541085111611471178120912401271130213331364139514261457148815191550
32  32  64  96  128 160 192 224 256 288 320 352 384 416 448 480 512 544 576 608 640 672 704 736 768 800 832 864 896 928 960 992 1024105610881120115211841216124812801312134413761408144014721504153615681600
33  33  66  99  132 165 198 231 264 297 330 363 396 429 462 495 528 561 594 627 660 693 726 759 792 825 858 891 924 957 990 10231056108911221155118812211254128713201353138614191452148515181551158416171650
34  34  68  102 136 170 204 238 272 306 340 374 408 442 476 510 544 578 612 646 680 714 748 782 816 850 884 918 952 986 102010541088112211561190122412581292132613601394142814621496153015641598163216661700
35  35  70  105 140 175 210 245 280 315 350 385 420 455 490 525 560 595 630 665 700 735 770 805 840 875 910 945 980 1015105010851120115511901225126012951330136514001435147015051540157516101645168017151750
36  36  72  108 144 180 216 252 288 324 360 396 432 468 504 540 576 612 648 684 720 756 792 828 864 900 936 972 10081044108011161152118812241260129613321368140414401476151215481584162016561692172817641800
37  37  74  111 148 185 222 259 296 333 370 407 444 481 518 555 592 629 666 703 740 777 814 851 888 925 962 999 10361073111011471184122112581295133213691406144314801517155415911628166517021739177618131850
38  38  76  114 152 190 228 266 304 342 380 418 456 494 532 570 608 646 684 722 760 798 836 874 912 950 988 102610641102114011781216125412921330136814061444148215201558159616341672171017481786182418621900
39  39  78  117 156 195 234 273 312 351 390 429 468 507 546 585 624 663 702 741 780 819 858 897 936 975 1014105310921131117012091248128713261365140414431482152115601599163816771716175517941833187219111950
40  40  80  120 160 200 240 280 320 360 400 440 480 520 560 600 640 680 720 760 800 840 880 920 960 10001040108011201160120012401280132013601400144014801520156016001640168017201760180018401880192019602000
41  41  82  123 164 205 246 287 328 369 410 451 492 533 574 615 656 697 738 779 820 861 902 943 984 10251066110711481189123012711312135313941435147615171558159916401681172217631804184518861927196820092050
42  42  84  126 168 210 252 294 336 378 420 462 504 546 588 630 672 714 756 798 840 882 924 966 100810501092113411761218126013021344138614281470151215541596163816801722176418061848189019321974201620582100
43  43  86  129 172 215 258 301 344 387 430 473 516 559 602 645 688 731 774 817 860 903 946 989 103210751118116112041247129013331376141914621505154815911634167717201763180618491892193519782021206421072150
44  44  88  132 176 220 264 308 352 396 440 484 528 572 616 660 704 748 792 836 880 924 968 1012105611001144118812321276132013641408145214961540158416281672171617601804184818921936198020242068211221562200
45  45  90  135 180 225 270 315 360 405 450 495 540 585 630 675 720 765 810 855 900 945 990 1035108011251170121512601305135013951440148515301575162016651710175518001845189019351980202520702115216022052250
46  46  92  138 184 230 276 322 368 414 460 506 552 598 644 690 736 782 828 874 920 966 10121058110411501196124212881334138014261472151815641610165617021748179418401886193219782024207021162162220822542300
47  47  94  141 188 235 282 329 376 423 470 517 564 611 658 705 752 799 846 893 940 987 10341081112811751222126913161363141014571504155115981645169217391786183318801927197420212068211521622209225623032350
48  48  96  144 192 240 288 336 384 432 480 528 576 624 672 720 768 816 864 912 960 100810561104115212001248129613441392144014881536158416321680172817761824187219201968201620642112216022082256230423522400
49  49  98  147 196 245 294 343 392 441 490 539 588 637 686 735 784 833 882 931 980 102910781127117612251274132313721421147015191568161716661715176418131862191119602009205821072156220522542303235224012450
50  50  100 150 200 250 300 350 400 450 500 550 600 650 700 750 800 850 900 950 1000105011001150120012501300135014001450150015501600165017001750180018501900195020002050210021502200225023002350240024502500
